25186
1373
712
716
734
739
742
866
864
905
906
903
902
911
912
910
909
908
906
907
862
860
863
864
905
904
880
881
879
878
866
742
739
1047
740
743
865
859
858
857
855
861
855
854
853
856
768
769
784
744
745
728
746
747
748
700
701
727
726
1044
725
706
704
703
702
699
1031
551
557
556
708
709
707
705
707
1045
714
715
712
713
1046
711
710
719
718
720
721
722
721
720
736
735
717
735
737
868
738
870
872
871
875
874
873
874
886
885
884
883
882
889
897
898
900
947
946
944
945
901
899
890
889
888
891
892
887
892
893
894
895
896
948
953
952
951
954
955
956
957
967
965
966
964
989
988
987
985
984
981
980
979
978
977
976
1049
986
970
971
969
968
969
1010
957
959
958
954
960
1009
962
963
996
995
994
997
998
936
937
1008
961
938
939
940
941
942
943
1048
949
950
943
922
920
919
913
914
915
843
842
806
805
808
839
838
836
811
810
809
803
802
804
788
787
807
785
786
1017
774
775
776
775
772
773
771
779
778
780
849
848
851
1030
847
1004
846
845
777
845
844
843
842
841
917
916
918
924
1007
924
923
921
923
1006
923
924
925
935
927
928
934
999
933
930
931
832
932
992
1052
983
1050
1051
981
982
981
977
975
974
973
972
971
970
987
991
990
994
993
992
932
832
833
834
826
825
824
816
815
837
835
929
835
840
926
840
838
811
812
813
798
799
800
801
793
614
615
616
791
792
791
789
790
617
628
627
626
625
631
1020
660
661
659
658
1041
639
638
637
634
633
632
622
624
623
620
619
577
576
570
571
575
598
609
607
1035
606
600
599
608
599
574
573
572
563
562
561
560
559
566
468
466
122
558
559
565
564
565
567
568
496
579
581
580
582
583
584
585
588
587
586
582
497
470
469
123
124
127
126
128
125
154
133
153
152
156
157
161
158
159
174
173
172
171
170
162
163
151
160
151
150
52
51
50
45
44
43
37
41
38
40
39
33
32
34
35
36
149
148
147
146
145
139
138
140
141
143
23
24
30
29
26
27
28
31
30
29
26
25
15
14
16
22
17
20
75
21
76
77
78
100
102
101
103
98
91
90
96
95
94
93
92
90
1024
89
1025
1026
89
88
80
79
72
73
70
71
81
83
87
82
87
86
84
1
2
3
4
7
6
5
6
69
9
18
10
11
12
19
9
8
9
74
20
17
12
13
14
16
22
143
141
1053
111
112
110
109
108
107
106
104
97
104
103
99
103
104
106
105
107
108
116
115
114
113
135
134
131
132
137
136
137
144
145
155
153
133
129
130
118
117
118
119
467
119
120
121
123
459
457
456
457
458
460
461
471
472
473
474
500
502
505
503
596
1036
508
507
509
644
643
646
653
652
651
650
649
648
647
645
648
673
674
677
680
676
675
672
682
670
671
667
1042
666
665
668
1037
669
1016
758
760
761
762
770
764
763
764
765
766
755
756
753
751
750
690
691
692
749
692
694
695
697
698
1011
551
549
547
544
545
546
543
542
540
541
415
414
413
416
417
418
420
421
419
538
539
537
696
536
529
531
530
534
533
687
685
686
535
520
521
527
523
522
495
435
434
432
430
394
392
393
395
355
391
390
389
431
388
387
1032
386
385
380
372
373
374
1023
363
362
1014
359
358
255
256
258
257
252
251
249
248
247
245
264
265
323
268
311
312
313
316
317
305
304
319
318
321
322
325
324
334
333
338
339
340
348
349
401
402
403
406
405
404
398
399
400
352
351
336
335
263
262
261
260
259
354
353
396
428
427
426
524
525
526
422
423
424
425
426
433
429
396
397
396
394
392
390
391
378
377
1033
375
1033
376
356
357
256
254
253
234
235
237
250
237
238
239
236
233
229
228
226
227
222
224
219
221
217
216
213
214
207
209
215
213
218
220
223
225
231
230
232
230
231
360
361
365
364
365
369
368
367
211
210
201
202
203
194
193
196
195
198
197
187
184
183
185
186
192
204
68
208
205
208
206
67
66
64
65
62
63
191
63
62
61
59
58
57
56
166
165
167
181
168
178
179
447
450
451
453
454
455
175
176
177
178
168
180
189
1022
382
446
449
465
464
479
480
481
1038
483
1039
484
485
1028
444
445
1029
383
384
379
381
371
370
199
200
212
211
366
211
212
200
199
190
1021
383
1029
443
442
440
441
439
488
438
489
1040
487
486
511
490
511
510
1018
512
516
515
513
491
492
437
493
494
514
518
1012
517
678
517
1013
684
679
681
683
757
759
755
754
688
689
684
687
533
532
693
532
529
528
422
407
408
409
412
410
345
343
344
347
410
345
342
341
330
329
328
327
320
322
326
329
332
329
331
340
339
338
337
350
400
352
261
245
244
266
267
269
310
309
273
271
270
243
241
240
241
242
272
271
273
274
276
277
278
279
280
281
294
288
283
284
285
286
287
290
289
293
292
296
295
291
295
297
298
302
303
306
303
301
302
307
300
299
300
307
315
313
314
308
275
277
278
294
281
282
281
294
278
277
275
308
309
310
269
267
266
244
245
246
245
261
260
353
394
430
432
434
436
437
493
519
518
514
513
512
673
648
645
652
654
655
641
642
595
597
595
594
506
594
501
499
498
473
462
452
477
476
478
1027
504
482
504
1027
478
475
452
463
448
447
179
180
188
182
181
168
169
164
166
56
53
48
46
47
49
54
55
60
55
53
48
46
45
42
43
36
148
146
139
138
140
141
142
112
110
102
101
99
88
87
86
85
86
87
88
99
101
102
110
114
115
117
118
119
120
122
558
559
565
569
1015
578
577
619
618
1019
610
611
1034
605
601
603
602
603
604
612
613
794
795
796
797
814
1003
817
818
819
821
828
829
830
1000
831
1001
831
1000
827
822
823
822
821
1005
820
1005
828
829
1002
829
830
827
823
824
825
835
840
839
808
805
804
788
789
790
629
630
1020
631
659
636
637
638
591
590
635
621
587
588
589
593
640
656
657
1043
664
663
662
663
664
657
656
640
592
640
656
657
664
1037
669
760
763
764
781
782
783
767
782
852
850
854
853
856
768
769
752
746
728
729
730
731
730
732
724
723
733
1047
741
742
739
734
716
734
735
737
868
869
876
877
867
868
737
735
717
712
1046
709
708
555
554
552
550
548
550
552
553
552
550
548
544
541
415
346
411
346
415
541
544
547
549
551
703
704
706
1045
714
1046
712
